-------------------------------------------------------------------
------------------------- Exact Algorithm -------------------------
Exact Time Taken: 367.175766s
Percentage Complete: 2.41549e-08%
Best Exact Order: 0, 1, 2, 3, 4, 5, 6, 7, 8, 9, 10, 11, 12, 13, 14, 15, 16, 17, 18, 19, 20, 21, 22, 23, 24, 25, 26, 27, 28, 29, 30, 32, 31, 40, 41, 42, 33, 34, 35, 36, 39, 38, 43, 37, 
Minimal Exact Distance: 22304
-------------------------------------------------------------------
------------------------- 2-Aprox Algorithm -----------------------
Aprox Time Taken: 0.0003588
Best Aprox Order: 5, 6, 11, 34, 35, 12, 33, 19, 20, 41, 42, 18, 31, 9, 30, 32, 8, 10, 40, 15, 22, 0, 29, 43, 21, 3, 39, 17, 25, 16, 1, 2, 23, 24, 38, 7, 37, 13, 14, 36, 26, 4, 28, 27, 5, 
Minimal Aprox Distance: 11847
--------------------------------------------------------------------
